90
38 1
38000 
92 1
92000 
27 1
27000 
29 1
29000 
48 1
48000 
73 1
73000 
77 1
77000 
11 1
11000 
34 1
34000 
66 1
66000 
88 1
88000 
21 1
21000 
32 1
32000 
65 1
65000 
75 1
75000 
82 1
82000 
18 1
18000 
37 1
37000 
57 1
57000 
76 1
76000 
2 1
2000 
9 1
9000 
22 1
22000 
62 1
62000 
14 1
14000 
16 1
16000 
31 1
31000 
89 1
89000 
13 1
13000 
42 1
42000 
46 1
46000 
52 1
52000 
53 1
53000 
67 1
67000 
69 1
69000 
79 1
79000 
84 1
84000 
36 1
36000 
40 1
40000 
43 1
43000 
55 1
55000 
56 1
56000 
61 1
61000 
86 1
86000 
90 1
90000 
6 1
6000 
30 1
30000 
64 1
64000 
78 1
78000 
91 1
91000 
59 1
59000 
99 1
99000 
7 1
7000 
15 1
15000 
58 1
58000 
83 1
83000 
3 1
3000 
4 1
4000 
12 1
12000 
20 1
20000 
28 1
28000 
41 1
41000 
45 1
45000 
63 1
63000 
81 1
81000 
87 1
87000 
5 1
5000 
19 1
19000 
23 1
23000 
26 1
26000 
85 1
85000 
94 1
94000 
44 1
44000 
47 1
47000 
50 1
50000 
72 1
72000 
74 1
74000 
93 1
93000 
8 1
8000 
25 1
25000 
33 1
33000 
39 1
39000 
70 1
70000 
71 1
71000 
80 1
80000 
98 1
98000 
54 1
54000 
68 1
68000 
0 1
0 
1 1
1000 
