37
841 3
97336 53547 18412 
856 16
93699 18910 28726 24378 44849 28413 20892 62884 9664 11792 45789 57723 76147 35138 48369 10159 
134 50
52238 42793 68066 44414 21592 20875 4582 17550 35696 87678 82963 8785 18505 81371 11695 45173 76728 12624 78823 67477 29505 13923 37592 19265 5390 76831 62313 35305 44789 70172 78647 24726 20376 92056 15232 73713 85188 85402 38058 85363 55454 63228 38969 72308 76517 49648 77437 61721 95182 78118 
435 22
58609 81036 84965 3191 31747 37475 56133 87514 468 11718 40494 34241 48405 79112 21866 97688 35239 95274 95703 34335 46239 32522 
275 21
44687 56099 19197 87440 5874 89075 80390 13727 34654 78046 15809 28202 24185 37622 62421 90778 68837 58119 65345 56813 38324 
565 27
47926 18298 59448 21867 99859 28502 2500 11011 81791 73215 49006 96649 46138 23335 11480 9327 7647 55720 82707 17779 54181 44973 86886 15498 77673 34974 68289 
805 58
73877 69112 96414 63402 24266 55812 18717 97764 61319 56788 35210 75594 14889 98339 43353 94614 2539 22175 75610 68007 31469 57474 8638 92111 36485 53185 95124 28835 19381 6257 50354 51909 92917 75580 10663 3464 77746 59694 7012 15918 78495 3255 41458 43044 46110 82867 68978 54190 5198 64854 26594 23450 5154 1520 42839 10100 76057 77082 
540 128
6157 22813 21461 6493 34567 28228 47601 8783 44435 36376 68669 15464 81155 2570 95657 89303 79723 31155 30414 54201 62284 45127 37846 22073 35929 58795 37104 46151 81230 63813 74992 89114 86064 95283 86191 4506 20113 31451 27677 23996 61842 66402 45631 11756 94264 86466 80257 77756 97338 8461 97571 16945 45087 33185 11362 76150 51964 15422 24954 22301 73806 35575 16242 88112 47483 11824 2004 25449 1445 29554 56875 40780 50615 78455 63889 6154 98617 69174 33688 75451 30587 52485 22405 64283 34211 94744 25217 51148 3253 51427 41026 11478 20540 85704 20739 66750 45040 57881 43732 3973 59134 15401 17511 85970 73606 40386 25356 10106 22070 33450 73696 66352 48360 54147 63632 14875 35513 42709 10657 32783 41091 6955 10017 66906 68399 55331 29741 93470 
363 134
23387 15755 2750 35279 65152 94750 27660 78226 54208 90133 31217 2980 46219 3636 45725 71069 67964 60641 45637 1784 49060 23193 51667 17309 21779 24528 39885 81541 39705 13953 59067 86880 15506 33626 12770 67402 53473 70850 41534 25770 61238 15580 17473 9633 31083 51339 53382 77355 48089 78517 34827 90312 24335 13450 51432 89009 2934 76238 76001 95852 19755 84992 54185 57376 87161 19408 3613 15544 54388 64665 77506 17020 62084 13491 26877 45049 53808 77354 77596 27939 70172 18523 30020 27627 75793 61106 54446 80865 42003 14527 66558 70614 91923 61357 19425 63056 2623 30507 52479 38765 42686 57746 29231 41059 44239 23687 35730 31149 66829 93158 29429 12033 61885 37277 38980 87002 76978 20429 92689 83732 14585 12508 68745 57294 60879 23814 36144 19991 22659 81818 5386 64881 12421 72936 
123 151
79135 9478 20286 40089 7262 3893 51889 57837 63836 49758 14636 15699 77419 72849 66215 82197 11730 28296 29148 77107 87979 77688 56477 75929 34709 86223 4663 49605 22052 80618 12345 56868 45557 77824 11155 42485 3337 39560 89083 61203 43807 62214 62999 64614 88507 93968 69561 53594 49462 33540 28529 72567 6582 90090 72359 82691 2522 96181 35402 6794 26826 57206 51800 37627 41532 97562 65073 89931 79752 83919 587 45958 81002 31772 23976 37865 77982 46625 85157 19977 14084 62027 85368 30354 52644 53740 30246 16795 6073 50451 19984 37622 28181 11720 825 30193 21333 5303 94686 96841 22873 59128 467 14668 47320 49571 84165 60934 334 92263 7319 80310 71397 12879 79338 8153 56826 94926 67534 30298 44878 20535 19149 27320 94906 13215 45350 58568 77980 19303 80553 86240 3226 727 75275 78913 25168 89212 16982 913 36913 94718 11159 87472 82134 41628 53449 13645 99703 91607 86468 
448 112
85355 91115 53346 21219 54809 60066 65766 36648 79327 11707 13848 20141 69606 89801 39553 70448 54860 11787 35160 14577 52425 87506 46958 87035 22485 34475 20423 59075 6093 53521 35704 54248 91049 29442 44298 49631 61582 83142 34511 78228 35348 80460 2339 15052 53397 56604 36827 52427 34780 36850 98285 90472 86309 31552 29641 29775 89421 19499 77049 86453 82687 74493 11933 77850 25819 77023 89797 66541 14365 44067 6013 37154 40034 65652 36946 36234 7363 2327 62608 83548 13444 78428 99827 44688 50570 60083 55146 70741 39682 97129 84270 22733 64678 68187 66647 42852 86240 44587 31874 3236 28630 7429 93726 28374 94517 85203 90622 89489 93331 63239 75858 78804 
240 49
32766 17107 49341 81640 12756 95086 95100 82853 64204 76815 82438 29776 46602 61090 70712 85045 80339 2419 81284 3016 45898 74599 68754 81599 79391 32063 30099 25765 45532 16388 42895 50918 80586 69792 38 64796 41429 54181 37051 34706 23415 39623 31968 49166 44124 10920 95437 80391 77804 
144 2
2159 86252 
229 62
12999 5137 22464 69760 44389 87251 77876 28603 67557 40097 33293 68085 24547 27692 653 22804 86174 98280 39527 41462 7015 71766 86209 79218 7623 25420 73400 71629 10493 92697 95559 97573 5418 22741 76789 84369 74324 33106 79450 11889 3374 25243 74557 37695 16168 41107 59260 14956 18430 21182 52474 39812 26065 44165 31542 95226 25960 36860 72696 60509 19991 37819 
631 48
68008 57136 21711 95566 92533 94442 77646 72302 69497 76176 83709 88014 78756 86879 81900 64098 4548 80970 81559 19365 89631 94142 70531 12176 81832 8211 84174 77002 96948 63019 49673 82682 82230 57366 84651 73583 6222 96674 25021 77918 16424 63830 6831 76210 77835 1653 8993 85257 
194 181
95528 8272 12677 67548 20704 71582 65303 62221 72556 42341 14880 71146 47535 62520 58082 8056 41568 7435 71147 2556 84482 72491 29433 48460 45009 37396 24149 48548 98197 48585 80396 33138 98976 18322 22545 19902 36406 58790 82747 90333 80061 99280 82076 9110 86795 40761 82563 23484 7223 36453 14375 25387 12369 14632 48122 26389 67615 96243 36252 94256 70334 81118 8205 94355 70345 49035 30038 33529 46450 56196 17653 94710 23385 76162 13850 96542 97777 90947 42569 22361 35196 95017 79529 87197 35556 31622 79659 29187 19118 14555 10434 68367 2674 88459 96580 85208 52501 81999 97772 44410 30869 11493 95197 94398 11987 97463 80306 18358 99487 29159 67836 79422 12457 74378 73611 79124 28338 26549 81821 92804 62065 71082 88649 89003 63892 79148 20098 30197 77 65655 45040 87659 93550 18257 20705 87617 88776 5119 38649 49865 52578 76349 51632 88539 88406 82766 60893 94504 13542 80137 87535 72102 85498 41337 59332 10907 4975 39216 81349 1465 35740 59238 46384 49989 59174 79629 85386 95228 73719 93501 17578 59780 26369 35376 70621 50045 17215 79786 45240 71029 88443 
812 93
86564 97696 28793 271 14608 7064 69934 38487 52983 65760 76939 37797 59416 70523 96502 59543 60447 3099 56077 24056 23702 67085 86997 10601 11454 87116 3492 23527 35811 79104 72661 5065 8233 6869 34058 54219 77472 23537 7551 95070 13090 93437 90413 19341 33499 50820 73334 45067 25823 46094 40723 78981 29878 46004 20761 93607 88352 66651 26934 23626 74036 12092 46656 26959 45150 53600 35688 11308 59608 64687 40696 32067 9231 15026 58683 95270 85377 79267 61881 5322 1947 57985 37293 21396 8397 16356 2826 59518 17186 44236 74416 12032 74832 
164 93
52394 14377 90995 83016 10793 45216 55043 87950 20680 11872 99120 62472 44039 59214 89894 16718 80699 74345 85600 74503 45852 98865 39244 36024 73356 90082 52812 1906 74857 73205 38146 39592 20399 69450 10995 49799 59629 32816 1506 69476 65930 27259 30742 94566 8446 21161 61218 92975 83720 30927 76796 38473 31167 6467 47913 6369 41098 45840 77632 42422 82682 73778 82711 92517 18659 22960 53156 40814 61295 25021 6040 85835 50497 25033 81108 38966 97644 34998 55624 87553 57117 32861 92346 2534 16900 93768 30470 98887 89018 53979 7195 85891 57211 
596 65
52638 74817 80962 35136 89356 75515 97574 76826 47932 13884 68811 99397 58152 30127 9742 6524 922 9293 85488 61464 97120 26337 8931 9475 11745 98311 53173 4840 93595 88866 17168 76039 66963 57568 36939 4185 11316 5799 2603 40710 6405 3642 34819 28070 86205 52538 50466 86514 39959 17271 79139 65376 14855 44685 88701 90848 30222 64904 5131 66066 94802 7449 33929 8985 73796 
170 82
4905 62069 15567 2848 502 38718 84513 75656 96065 63221 37847 85571 7437 61949 8919 43926 85297 4485 62452 74115 68953 6310 59227 87697 59739 54783 55092 58857 96735 6964 33479 41347 51339 65134 92510 74881 72516 30434 92111 56302 79752 78785 28835 83103 67049 6363 44751 86419 80937 52655 3876 16385 75707 24832 34935 81960 84883 53562 26009 72581 2846 2753 75776 91195 15739 56836 18403 28540 90797 85720 76492 73437 62599 30794 16832 25798 60610 79993 90187 65088 31178 26539 
88 214
88989 97903 17959 52303 52557 67521 45612 82733 30029 34569 60236 73206 18579 21584 65301 40236 60861 83262 60070 40754 47436 27285 69098 26818 84755 71853 61891 8364 68206 11667 63955 46100 59062 56230 88126 52775 34290 1174 42175 95030 2159 44681 47440 49891 4400 66097 80814 88814 84974 49784 826 46494 5635 61949 2254 20047 63688 28966 69332 80099 93838 49595 6687 27761 94771 1695 45033 84978 22641 15784 71356 77571 6836 53568 30062 30922 41261 13428 28427 48851 64875 29454 40237 96322 49276 36345 10058 49282 95366 47239 7375 35086 23412 43529 90639 77735 3850 82166 42614 43414 87301 5848 84494 75076 447 73806 5632 5521 76519 87566 75926 40594 45395 14483 92763 76423 34542 59066 52844 88482 54182 78966 14736 99612 72977 57896 84174 33904 71876 738 69308 14185 43800 36128 87413 8497 51292 26839 25378 73505 94434 26702 79764 73304 78699 56997 20448 62739 58184 98587 91754 58581 28599 12889 55802 6249 94720 96157 58131 11382 65753 12394 65653 68338 5907 66881 42349 26524 24322 72537 90465 1414 32578 22356 88549 77935 1008 96951 96143 70412 9998 30945 34877 11198 43050 85907 65975 37501 58735 83555 44881 64200 80240 60868 50951 4495 54694 14551 8968 60413 2006 83175 22977 26851 11722 98223 67016 529 78293 64395 5381 31897 56004 27399 
975 57
33471 7997 33418 65216 16634 35085 60616 68384 67461 24638 10601 3421 1149 71614 86174 32823 47397 47035 26256 29571 96 41118 51273 6560 73923 13627 44890 83891 12176 77127 39946 16516 57992 87750 78436 37439 42638 64233 68881 60666 87795 29019 79311 53183 48652 41314 8787 29590 94173 26328 52723 43281 51400 15129 15456 62118 54639 
998 146
74508 21445 1806 66587 23370 28646 62014 13164 89833 22653 23921 79415 4731 17304 75171 29178 51117 28554 80243 9610 90185 31831 31672 41684 85578 21096 29426 10865 35848 96666 93332 23985 40346 42136 3286 61166 93918 10617 88134 32937 37715 88555 31766 15155 58239 22752 72955 44276 17138 7512 6482 31065 33759 77535 16801 39723 57206 74596 76438 68155 71736 76415 99161 76673 72757 79368 96598 69446 22744 6096 43352 91689 33462 3890 78028 73370 25847 62293 55763 58870 53062 74214 63324 54304 95188 85771 42822 73190 65520 40228 3905 33918 75071 90498 46943 93048 81871 63128 96912 15728 63093 82103 31832 65746 82805 16476 54703 17413 33322 56373 80020 73638 31507 56440 56135 86004 26610 70932 50404 12911 88549 82485 55824 68005 92364 80507 80279 17287 10210 96153 11833 75279 91258 1450 39488 25960 51317 10236 4430 72497 95035 31344 96223 68110 78958 1790 
423 145
73766 14595 78835 11857 76465 7041 27046 27506 79634 81095 78280 51959 41846 48212 21288 61726 1475 55485 42076 55318 8300 21968 11408 61342 18023 90773 98062 39348 47573 58919 24779 97601 29008 76254 22721 53593 55241 59941 97184 75007 42922 54245 17783 83642 66660 87020 31825 13696 43464 65176 43989 94128 10440 50431 57102 42377 25281 31247 57761 85565 76120 59120 64020 17864 74346 78670 75504 65413 96058 72153 86435 85044 39106 91969 74453 85006 55459 57709 48034 19662 5156 98010 71223 64440 42600 37612 52618 50207 87770 61306 40371 15706 52477 92436 45693 68011 38223 84682 50085 80124 46646 44921 50892 22127 15156 71144 39581 38122 22570 86077 45120 96378 54163 41787 25557 4738 66731 39640 13769 72419 41829 92034 64854 7321 68594 65191 83759 39174 97314 18964 70936 73350 62617 92952 31081 14260 49203 54115 60063 63717 39265 76225 73029 52814 71029 
328 12
33740 81785 49207 19527 367 53214 19780 96227 43999 33938 25160 34807 
871 321
48755 65470 69067 51333 85860 70879 51079 37818 19491 42865 3982 75891 55360 78388 99228 37292 76955 42794 34471 71530 55451 56548 6180 15760 97348 20949 41757 19813 13567 29378 52756 41616 49109 70707 45570 54052 92149 77171 98338 94005 16848 40138 34364 78274 99766 34850 45329 90168 50683 16640 18439 23088 74667 44838 70003 55164 54997 22650 56802 44331 86661 20785 58774 46105 8694 81929 96320 10494 68137 50711 63965 48971 95774 48162 49954 80085 54979 44699 89125 34345 36890 37132 18918 38190 55972 43466 96175 4208 29519 61203 60045 78382 46678 48592 38255 81984 56807 42894 54220 49438 56974 80995 80522 56122 37628 43802 99853 80460 82341 28505 38502 17851 71824 10973 75965 531 1304 26874 87827 98146 84221 49778 79995 37526 19083 65146 78517 63871 67363 55669 51245 86408 54425 44329 37097 54861 6502 67778 2684 9050 22042 63362 176 91247 98736 46932 2781 86924 3317 48929 69668 30379 81410 60711 30098 22553 73064 43414 75982 8980 62278 61611 39903 12831 31159 94365 16281 23107 58827 6755 20623 2829 31697 53813 16068 69723 3331 83875 53590 4024 36282 40155 37625 16504 85037 87602 70413 55114 5904 62741 28851 7196 64985 76425 16058 56142 75057 40897 99242 42955 25817 83695 80273 57643 59308 34564 32111 84267 61521 81821 86320 70075 74630 95351 85036 65502 90119 41566 74081 29689 68304 90934 58816 92477 70017 66858 66011 78853 86514 35875 4675 78379 38543 24105 79802 53802 60116 4992 18747 52586 17088 94843 971 72815 95328 49791 29671 2944 57510 57019 5161 26209 87556 91465 84586 19816 94239 95854 38770 98611 49026 34425 20170 73457 3118 49577 56836 99424 99770 62347 21934 40549 75990 5282 11522 29073 82505 72759 70255 77985 41116 4375 63872 56813 28445 79576 67617 52259 21921 63740 72583 12071 26746 84011 92755 36959 78778 14103 62165 12959 28358 73078 62673 78311 31964 91474 21291 37929 34372 4430 15930 58786 68070 14749 34627 88413 77013 17215 96856 6144 12448 
78 57
19849 61714 71418 92505 4270 97541 78903 53304 45754 98377 28849 84143 38365 58253 43723 43448 38842 82305 98722 86688 60825 32619 67469 9516 56536 53703 44461 34909 32496 78250 97204 42000 95868 9908 97626 71801 8152 96760 34407 43663 13609 83497 91761 79807 43614 97188 90724 58204 11693 88019 63536 61650 75537 90804 51843 47621 11798 
546 793
6100 48005 32846 67832 70121 70812 19692 94007 7026 67092 48363 16054 97675 5266 52861 13307 41021 33849 93446 70845 80789 82733 92671 52096 51952 8849 99 27633 17510 87945 60648 2172 62016 69083 87838 72098 24467 25943 21281 39281 64194 31632 82538 93525 34897 47227 95261 44759 44348 47757 63788 75563 71956 89140 18089 47822 97884 68545 72506 70518 14719 12095 72733 90041 15956 58328 52489 73495 23828 47182 92107 7678 1409 52627 76082 22146 50460 69052 41310 2850 35765 79857 665 42828 10009 74548 88521 52691 44272 22020 14634 65730 61023 62474 52082 6654 40586 11727 99588 54500 60142 77029 9320 42150 53167 54281 48548 5459 59543 4688 75042 96688 8159 94122 5961 56474 57062 78473 78703 54255 78607 30948 59465 14188 29942 56050 47183 72621 61656 83567 10152 36740 84545 68341 91589 38841 19302 40375 94191 33930 20323 98294 76579 42542 48849 97020 36219 20656 82168 66184 83247 56964 76399 64350 15762 38575 98518 3093 66377 97597 32194 60880 9368 15274 85576 76527 93175 54428 17729 23062 86065 38213 74606 44892 73596 558 528 89248 20744 27051 18032 94992 34591 90659 34021 37848 49857 3730 19592 5452 87436 48370 59947 23691 8619 14331 84180 11448 83861 91726 31997 78168 37333 94849 36826 69757 2417 90946 7777 41798 33422 55222 6410 5373 33784 53566 204 46430 31459 74532 90040 61880 25616 51202 50412 14025 76034 35938 63591 82970 84659 43031 11462 26799 20559 76018 5367 5437 73944 51394 51276 89090 33637 7131 38451 25922 32661 73158 22246 54074 34172 52046 5219 46769 59010 35244 78902 10310 58266 22752 74804 53568 44626 19290 42593 51934 65438 79956 51345 15395 67625 58271 7280 87552 78427 29529 41017 60410 96050 42457 96118 58053 92693 49953 86913 23454 99835 66195 89177 78864 28510 53849 98213 86649 96139 14906 42664 70647 92566 67168 20014 82027 51096 11783 50067 15792 34485 77409 14085 66429 33535 93647 75219 83382 92702 90384 42326 72473 37931 70140 26426 31382 30802 88396 46513 10697 85900 22046 14898 16962 54721 19505 10104 3585 74233 54973 53789 77588 10139 11930 9031 61267 78841 31611 53323 17120 76673 16294 97699 62965 24024 61647 14057 62255 15230 65743 71821 82345 87486 80436 9861 82115 92111 67227 17425 36498 48935 505 44959 49293 45849 27032 91822 70909 84283 95649 9413 81142 53500 2320 32531 33332 53903 29494 51655 98839 60198 26077 38111 55573 37053 71683 20289 36239 16489 58758 90510 12580 26062 10559 76641 69953 44188 9716 66260 67770 20844 22938 97251 98855 75786 33682 4827 40469 33942 72856 72094 41119 82002 14767 30019 54812 61970 85819 86752 82258 40226 98054 16484 90163 19048 57803 63840 24546 97171 14664 86735 19358 75023 90788 84950 82897 14698 9055 37946 17957 79554 56489 50294 75317 3331 2169 43176 12562 3925 11311 76972 31481 83513 37339 67435 61613 616 29268 99092 90373 3831 90916 23641 39098 11705 67390 26658 96787 48082 64238 56226 48579 18833 91877 33066 30282 52688 20316 41552 20773 31961 55493 79395 98918 75880 21894 21410 39605 8221 16838 64013 61825 19932 10228 87379 57503 60150 76792 71867 90807 23074 26014 50148 9757 17676 95883 56175 73246 48458 50230 60393 1478 12864 84549 36963 90771 89420 23259 19754 16023 81464 36004 55738 89095 6460 64827 66830 8264 36068 14462 38427 79142 75179 94708 33760 35563 89762 14744 44141 8190 82527 27554 5473 52315 627 92552 5882 49722 61564 48035 10342 84590 40952 56416 48495 93007 7770 49141 86389 60501 32776 6179 45699 75839 6581 77617 74783 5370 67156 89102 81316 4359 49910 94108 35688 19378 15366 89126 35374 32445 6668 50180 84735 97816 58916 84082 18795 81472 29970 86770 58915 46916 700 21966 26951 26405 45267 12394 25829 32357 32364 28905 63106 1842 65375 14496 60009 2807 84131 97867 12337 94377 52006 39781 60051 18577 79195 17332 32803 92547 18870 68512 28876 48011 65097 23147 64847 88030 28909 71292 69147 92664 24797 21349 94162 27169 30755 454 53279 21566 99225 53634 25035 62277 47321 19382 77398 87754 40739 26076 91698 53795 98611 32820 72067 8160 88986 1090 22665 13589 86335 25456 74652 66637 60059 40549 40917 98571 9259 55146 89043 80954 86757 42678 88408 9498 31345 21368 54741 40791 79335 81069 82544 53075 33081 4123 27977 46628 84746 5699 90191 13534 44267 34484 5236 609 2558 3384 89121 63991 29063 129 37516 30836 19838 5234 29642 8854 33468 55177 8397 32775 44854 72149 64027 2860 71964 17183 94 63161 53536 58422 3669 40646 8981 2907 68245 92103 15359 26924 1392 65085 654 31806 12328 20552 95927 25712 52239 77297 63281 22320 93663 44431 25703 75768 3716 85232 4612 81653 98223 27552 68519 68546 46937 23181 60704 38911 96155 38912 16531 30004 72722 78909 44112 38332 68630 13094 6190 55884 4165 46405 90500 35494 34218 93331 95594 84206 3573 22825 51373 1420 20240 12949 31097 27173 2493 
280 104
52301 37952 48528 76749 70381 99038 32191 16065 60122 98340 47430 11408 59659 44376 60280 99251 51370 17923 14239 46180 30186 63875 24151 94681 21433 25136 41818 15244 77195 75658 85843 63480 73000 13633 92207 72661 70904 5733 47925 77586 83870 91806 23803 38343 10071 3287 45399 56963 145 33499 46259 47368 99386 30969 23516 50577 34065 37129 95643 8979 83487 49582 80039 41076 24470 90561 91104 92240 35560 4996 70586 89985 83122 17854 50779 25297 6644 7632 94203 96037 78309 93626 12721 58724 91412 97258 33347 89251 8517 36664 22949 55261 29497 63937 2481 34424 26910 19042 82780 58615 3944 70939 31447 5100 
362 313
64661 5680 63078 33471 19571 86171 11441 99888 10691 81803 49173 17314 81066 48970 24076 74011 66927 63533 11327 44005 58850 99765 20017 76871 40665 43490 78104 44570 99816 5106 21529 23887 50636 46998 98340 53310 92588 31596 35071 7244 7692 47139 9601 10009 43984 32721 71069 39752 27147 51256 43246 21603 57528 37630 38185 54430 38100 23410 52735 92634 71716 60734 61209 49784 8825 9433 65543 13166 53711 35750 74431 10601 43649 72107 61475 77266 52007 14748 15117 92311 50196 9852 73882 46870 89019 24662 89651 59753 14739 42461 25214 41323 29944 86819 49230 5678 55887 34618 29292 50898 31323 40305 51552 80716 66479 10709 7050 76449 69641 11004 73755 3174 39588 16664 68866 62532 31319 51412 57179 68457 48401 14116 81147 54961 69390 21861 70628 40640 48073 75405 62980 34480 41884 30802 55983 41769 686 94480 50053 28631 3747 24485 94142 73846 56483 63052 38183 71677 77799 46905 39691 35464 31804 57536 28043 2652 70781 75324 87762 79110 12184 83058 63679 46106 33647 47194 34896 50372 54671 67741 13251 93196 53829 33731 16942 35394 76110 66552 52702 83317 70554 2249 59733 32825 35925 74456 19623 88609 21311 88938 99203 24564 20099 29786 55493 29058 91104 10467 10033 79408 17985 11348 62708 75123 52222 42579 22405 74769 3408 61550 952 62611 7128 49310 48286 91911 22390 60620 67244 23153 58449 76284 23698 26180 69952 22022 66573 43941 39475 78791 12773 98626 70841 48166 47277 88061 21289 43890 25969 60171 75101 97493 69682 74269 60051 16721 36838 55921 92547 81695 24482 42239 3549 84159 4271 94345 63466 15938 51632 93306 48881 45960 45402 70467 11346 85498 67526 49994 48360 79099 71556 83787 55027 97613 62034 32113 86952 92197 54397 3734 45448 2337 95047 53040 78044 10355 24709 57199 3144 81717 88869 40923 64002 58951 17628 37169 90708 48425 76442 10020 66796 69339 31653 95864 80075 33333 68266 52145 10954 44160 49906 69951 11989 
452 481
16501 23169 45031 67656 96573 29457 14674 73588 95536 26829 19720 29651 22895 37956 31643 17076 26019 40750 52147 62529 44858 68301 32136 99871 43903 60605 4282 84825 34950 50423 18706 92317 61567 36393 61744 93514 59254 84381 62495 11733 98230 1407 78370 23887 94621 40660 99169 2167 88474 64791 89385 62174 87448 32219 50063 86244 22383 40497 51563 13326 80133 24744 23480 78274 80238 50942 1202 86070 95082 85864 45436 30723 90773 87410 70073 94534 40446 51790 31477 96688 10410 50138 95969 84004 21390 57017 44915 21825 860 79819 61165 2854 41003 91723 55165 60797 15987 90961 86609 98518 74611 69544 69443 38540 81383 25534 13555 49169 97443 45020 23393 61361 40279 83326 43708 4078 77938 82316 21625 98737 87030 16703 54379 95946 87875 41128 46290 39149 52212 67347 32759 57220 85598 52165 43523 33353 30625 50410 11566 28575 72671 51996 27850 54385 18770 38626 40533 693 56311 30555 67516 94428 24493 38101 34141 92993 18775 71538 71718 60423 17012 7348 95921 41905 60557 64566 4301 30455 8561 78878 98909 48846 27919 62230 31064 78854 42173 56270 9341 41669 49324 55060 79860 34037 71624 69679 95918 4729 64372 74856 48413 64936 48693 29227 2862 15797 90850 32096 45508 48085 73072 19365 29229 95852 47135 37440 28942 17273 21716 85024 55840 18490 56475 89969 19092 86876 66878 28878 65774 65532 90613 31531 73500 25424 38724 42590 69698 73997 94574 53239 71657 90800 36893 93093 54946 5829 97617 43395 5167 68998 51475 81954 84639 5963 36436 87890 79690 62837 96172 35658 91658 40105 28467 51378 1270 64042 167 20031 86450 37768 46061 70304 43792 46927 26882 10806 98395 23236 37752 18537 85266 95119 10775 77690 1445 73902 60086 14002 32865 27455 30991 35767 50377 54493 17777 51227 44607 15764 29734 76605 11978 12991 37720 56226 58099 32090 24435 92545 54069 43451 573 50966 69819 70068 5469 53535 31052 48239 68496 52258 17692 28689 13486 27575 71575 21734 6369 93108 57554 77432 35403 31661 52189 47556 43310 45661 29883 99312 8896 68247 72177 37130 86636 83371 63575 19075 1362 29864 82953 72685 9456 98587 90354 87156 93559 19423 70809 45264 8537 4613 44307 30749 96119 58458 56492 96927 6630 7076 33322 24861 69106 71358 87366 73650 66880 60832 68835 93797 11916 17702 46903 34872 72636 68081 84696 19541 39519 74349 41073 26666 54135 28657 86073 43763 83315 86186 51846 38764 87570 25657 8347 24797 9344 43674 99611 65909 1330 48032 73387 96273 81445 46224 76823 65084 12316 75937 8112 79037 98692 68118 95049 15121 14272 26023 86676 66413 20732 56272 96941 79932 8666 73105 79084 31787 60519 54941 10295 4562 62467 79889 73612 71556 81280 46554 94906 90855 47777 48783 54050 64402 73880 4704 97881 36757 44190 43916 58586 82964 99200 36800 41135 45317 54318 25056 27380 43647 85941 31930 21651 22129 63015 54206 44103 83025 22352 46764 59458 20256 10121 37120 77469 526 25457 18232 84206 19731 5182 77233 83135 65960 42443 
400 950
71265 55487 27077 78384 37503 57976 29838 93318 45851 63509 53727 95417 59638 14212 30294 35844 75741 17224 72111 46879 22455 79531 25651 34160 70945 33849 65706 89843 58133 76644 3796 63087 20268 25431 88748 92053 55654 17065 17560 3123 93810 29840 54334 57355 17739 92999 24787 88662 17175 29197 78346 97932 17510 40447 86351 78546 66818 99777 66348 13741 60531 24327 78652 53242 14578 91447 70154 73285 97298 90433 24457 56817 34812 55284 93503 49251 17529 18331 40513 40566 38092 84637 86187 45480 71112 75790 97758 21700 68409 2916 9032 12648 55693 45064 18989 9169 82192 23773 54184 3894 8258 33426 56711 34299 11917 30581 60860 53060 35073 59904 90400 94953 26944 78725 69297 30438 60454 29621 38596 99286 57104 50957 71486 67910 32457 45114 83934 52318 67652 42024 48700 20183 19939 82702 93294 20033 6685 774 35390 58069 40932 4304 94368 58100 26152 44247 45445 38185 98963 87360 82951 20032 1784 79582 45139 18748 19923 3942 32805 44943 95560 41740 44168 71451 69226 860 66966 19628 4653 4511 7496 5909 33350 91349 89774 57101 26163 82588 2041 11842 24497 22077 8442 79520 63461 12800 80814 88806 28349 7869 35265 5654 63760 91984 37835 98181 78106 78627 11075 9056 73325 59092 62015 29815 4331 36839 5479 20541 4436 57852 15617 84335 54159 18215 80482 86540 99081 94241 6834 44604 58925 45046 67455 14526 19592 86660 25136 83456 75795 95206 31058 86140 86227 55145 36327 49311 76815 42454 53330 19272 96741 81476 32396 57038 55119 51323 57629 78287 95172 63493 89173 81677 88606 23470 12517 88073 50345 52944 52165 38994 96633 22521 93619 63951 35470 33821 1149 48592 42301 78989 62214 67615 22983 80783 38816 53830 19931 29107 27432 8789 90723 94756 5594 48940 37812 12567 14967 85210 17940 93126 62354 5179 17414 34172 49744 2722 55660 922 90228 86290 253 46238 82125 53228 18428 81997 6641 45432 88233 22090 49281 51014 72335 61347 25865 5434 73144 98696 61540 74659 60128 8145 42466 2470 2017 46363 96371 66631 60258 13594 80229 62871 24982 15863 83197 85053 29529 61275 14520 67774 51459 82963 52353 95997 60423 42457 19527 42545 11167 32549 24097 99677 24765 79677 11393 29556 87656 4234 57772 72326 38514 17807 63716 45679 57283 98787 59913 44547 76645 50508 40203 46015 47521 62324 28823 66133 12118 15095 53942 15364 3387 85979 73574 83684 19154 54228 10257 78990 13055 56589 8920 40632 22238 97599 84796 24074 70066 41715 11169 3502 23334 31418 26147 82919 91091 13424 56196 54309 65067 83500 18896 27259 35687 60555 88802 49914 52319 96729 44329 44024 75427 70859 44197 58332 85450 69014 86786 3639 82873 67127 69031 26351 49070 14128 44461 38472 84645 6855 94433 12716 89103 5750 40988 73573 17640 49293 32349 17877 66502 21571 80594 86255 41508 37374 40929 42558 85032 44983 66739 27060 93346 30393 94219 45035 20289 88631 75593 62807 24919 75400 7786 50581 54632 81329 52280 55963 23302 37970 14545 73261 43740 2486 82596 31549 92495 98646 95237 9805 23419 30040 97561 473 45223 38015 41928 60504 44399 33741 19552 99893 20579 88556 41147 80286 40581 75885 12004 15900 60170 44637 65594 80949 1027 69958 76659 62603 43273 93634 37309 70766 89164 71130 93778 90344 18343 95769 47315 80671 92188 24235 33925 27672 3054 88930 33440 66563 35606 36595 48013 79663 64345 16153 96885 14144 73061 50169 88940 97221 4404 56886 95220 60808 87589 32597 54940 56022 23878 10616 57247 94248 40789 90581 9748 42103 53861 70440 82008 8117 20150 6547 71304 74982 48236 81281 2955 78666 61365 91632 69480 95985 815 69819 3649 87491 13643 42895 57909 98829 87795 17470 94915 16361 18800 63220 52261 61158 63977 14548 68370 70280 93757 6014 36810 38059 84267 58479 37704 44918 74997 8860 67562 77260 54453 55892 46836 34013 28783 59660 29230 54083 15808 96912 51246 50684 15728 85830 53747 87796 90496 84299 72820 68385 95934 22061 68011 38160 12736 1402 52448 15598 56304 91911 96216 11534 19708 52352 65141 75538 36117 21151 72988 68170 14940 7640 66492 93268 21071 52270 75640 45657 35474 92960 96841 37668 29188 70648 3885 84701 12135 69508 23969 31283 33761 95791 28029 86539 25536 53916 50492 19882 45582 3438 74515 37711 35183 40792 38424 81967 13408 88752 14413 39226 85086 91449 1036 70725 75239 52131 91602 7698 64393 77063 71498 67851 86067 19661 96337 98593 51285 984 29853 38947 86662 43976 90295 19091 2446 30384 81096 92059 61600 23256 55572 50700 20012 68559 92139 31579 74349 85231 70115 29763 52543 32906 74269 61101 69876 25125 46209 53936 78133 57981 83601 26844 59134 50305 22928 55084 97720 6184 19532 26608 42146 6121 65051 47551 38657 69742 32009 89067 97503 53547 85363 8823 79951 27207 26408 88979 47805 29158 3202 23653 30095 15949 58167 51398 89941 4183 76546 48323 86837 79822 47918 23736 63881 71478 9897 33267 37058 45205 91698 54652 23800 63320 11289 59509 43634 54328 79943 90921 35235 33770 12110 89603 66300 59484 33178 54582 14155 655 82986 94762 74302 73656 23320 8320 24423 23912 77212 38041 30938 4770 37270 72759 64660 1466 50517 60545 98550 34220 25461 27082 59107 57153 2346 53523 12254 4130 33215 12951 79651 98798 56094 58287 34723 88197 15957 25873 49188 97739 84133 84350 63070 74679 35884 88283 76242 93300 12041 29063 51883 98254 11451 8892 64467 87851 99844 30935 87886 52575 4520 42811 59562 35797 59392 67544 25191 49144 18830 41121 34424 90703 20634 69574 46016 83907 91307 75054 71164 54794 27271 48240 46877 70672 13538 15508 78732 37453 48836 72401 58106 83772 93139 74101 85644 94295 6227 3386 89238 99498 43678 33489 18267 98442 13932 89615 17235 78225 40959 8519 913 72400 21126 60433 77469 76975 86960 68728 84196 28506 78549 32749 46405 41204 44542 88790 94647 51396 21078 66842 48112 24521 58617 83984 11397 47532 78783 23263 90051 48290 
366 395
24131 86168 20253 97610 89643 79700 78011 44200 34465 12844 66705 71134 90103 43326 62455 41046 36168 73458 64756 69123 5748 79835 51582 54782 45592 72410 47574 71233 30432 53370 75045 55885 16092 10938 88576 57544 88610 43325 49531 66061 56340 91506 61492 89704 14429 70516 96068 89977 47883 56650 29206 70895 22328 27556 51615 18965 20006 90235 670 74741 91269 44928 17252 58938 84348 91064 28148 23440 31055 37831 38698 89006 75224 93938 70824 6042 8781 60469 74655 39923 5233 32596 50746 31215 87783 23539 18071 4399 52573 96112 15123 47215 45623 97395 56391 31580 56561 92560 46429 89909 65486 86455 2923 88504 75658 99705 60259 36634 78257 80179 60502 88158 89556 62383 71495 73575 64230 73477 23771 99883 62143 79303 5269 97933 8194 59798 24593 72972 16214 42398 35611 26283 15751 3008 85463 96510 46153 82437 72905 86913 39793 51605 6418 74616 19831 11686 25607 39798 10733 59869 86912 82814 50171 85395 79638 78135 29151 50157 39125 67066 42474 42572 65844 65247 32860 13762 15196 4478 6585 40595 64747 65876 55511 71401 55326 16946 50545 43267 43673 34275 25193 72828 73225 13917 74837 80816 38659 62748 25235 54082 59328 59393 28777 62866 79089 51154 80580 51926 54948 76106 56529 15612 99180 90960 72949 9431 55333 75663 91487 96652 68507 6930 12831 64474 76077 8709 34170 98983 62603 22696 18081 95348 80824 7701 49602 89639 46911 49430 7528 29752 94607 7361 70415 87407 237 47128 75898 98056 53446 35253 40844 52440 88446 24722 12862 92793 52777 66661 8395 4273 26043 73337 80515 7091 42963 71365 63683 38674 68350 22277 94937 76676 90742 42060 11284 36285 19422 58775 42253 76243 29273 82805 22574 17334 53524 58184 10186 38789 76647 65262 56712 86036 2881 43475 71313 42917 96489 4239 68537 74373 57749 74995 25434 90574 94017 63405 44265 20450 8091 49878 55389 40277 69706 6110 87576 88354 63447 94162 38398 23683 58175 10385 11041 52578 49130 21642 81823 84896 20406 94387 45868 47736 16833 28741 46793 69229 71570 97925 89603 2875 48421 27955 56532 20756 24340 80379 97569 38940 26236 15896 10907 91392 96354 86488 72127 81245 22761 78488 29111 42502 34683 55947 73775 31076 38667 89189 80066 70455 56025 91307 31251 2784 49907 25189 18365 97698 51312 59172 83772 64610 53664 58137 25554 54502 55943 44549 75836 57417 21679 11418 66923 16531 95213 27198 56055 18714 1074 60735 54216 3399 28785 34187 79149 76532 68130 
919 632
27618 1395 1134 31618 51049 28634 19822 89654 73444 99832 43124 85651 86084 16102 97919 66517 39493 53960 35942 64449 4517 40093 92540 83320 82028 97746 8616 36923 49636 8743 4063 98013 29991 55327 89808 4799 17564 15952 70641 45731 74018 6823 90151 67415 12561 11898 61000 94525 983 68254 93030 82183 89629 36748 8080 69594 65292 16763 55628 11611 20396 64343 66983 88331 29643 71946 3288 79489 13766 57605 83376 8582 36587 33762 95100 58160 50349 83909 14621 56449 40133 9635 29144 50140 68019 79979 57450 64802 44797 20899 72860 54249 72729 94177 8139 60506 18919 96971 17981 75906 20502 90559 66770 77818 45337 20492 38074 21051 40114 98116 8374 45139 97166 3684 27354 37451 71780 71451 59432 61315 82888 53087 49605 28892 76498 20323 84275 23688 92341 11578 65460 93851 83583 4752 56099 2322 50128 77092 2053 38098 28810 69213 81567 32979 99603 4616 29479 42247 33456 5392 77885 77007 76165 44041 49197 23660 71775 94508 88593 58024 28007 597 98710 95671 656 47270 39616 27238 57259 77838 55270 52071 84953 66264 66437 58773 70850 98743 88320 72490 63951 91063 43807 67460 86318 20222 62414 69561 56238 71512 62132 11882 21306 91286 81579 56855 43335 64846 83142 37289 34277 49230 30685 15751 19290 67492 56774 8114 6515 27588 38366 35258 36054 73357 47030 99233 9787 96901 46083 72572 50316 11167 24378 69153 74550 50681 91685 62892 91903 5923 22271 12902 10778 82635 5107 78847 22527 53179 95689 25112 69410 69960 60162 23783 27966 13355 49145 70028 39677 23119 14620 26256 97599 44506 62356 85224 15767 36411 90439 97259 26513 61267 14536 59605 5096 96486 31380 8734 2408 17869 51536 44851 73886 90044 17194 83598 24865 72938 38472 11784 48075 56134 91058 25613 20315 17877 2157 64103 94417 9091 42357 94854 47079 92534 10206 4229 34510 4004 38579 66792 59550 1793 6671 66737 76899 53616 34035 90920 89721 10045 77600 14362 55674 66716 85653 63008 74427 50096 54247 81124 6474 63270 91308 75349 60975 16373 71884 49385 99969 95318 55132 50065 52243 94052 33902 30349 40115 4886 15591 86459 77506 77671 61596 53097 18081 42568 78475 41812 58690 41683 16076 6878 91846 6034 52742 10670 1406 74923 1938 10987 73279 68553 66053 60993 96583 58199 24373 18891 12053 20760 21480 6125 34563 9781 67968 34119 18518 31833 44917 49296 98551 50893 16311 82675 63311 58833 28386 99355 99453 63889 13876 13413 78666 29879 84429 40804 21101 72220 36843 31708 13744 6011 22540 93520 29681 17039 83753 32253 27562 82132 33739 30034 6330 22066 45682 54988 72660 5620 45723 49971 948 9688 95629 13606 51556 33863 35937 92974 17378 35563 88530 61299 48949 47660 53908 88826 96159 50686 91110 91043 47945 89073 50503 28342 95277 44255 26739 92318 60132 36579 77719 92960 43345 13356 87999 75003 62548 59940 33681 40473 83185 81260 75636 87129 25540 61091 53919 70485 27954 15366 38708 73717 36165 59821 31778 50108 47773 63393 59256 3218 77544 88789 2315 39951 33943 68641 7238 80650 91263 82172 8383 14849 55736 63121 53952 95307 78112 46810 62119 25946 53122 32828 82550 83991 32847 89944 55796 78458 26989 12586 98423 94070 83961 79166 26408 12416 29453 50193 90369 27423 16534 97788 60971 91412 12175 99912 78536 47891 80757 34074 37789 92471 91963 50887 16796 76870 10215 49551 18419 19642 3562 38292 54768 44868 24007 37107 16548 72358 424 67526 88734 50703 10724 4202 52020 57471 30226 16339 89318 27536 76160 99117 22163 24530 11124 59321 60084 94245 18962 95919 55128 52830 5015 12538 78534 89189 60057 68020 76717 21216 24012 37573 744 5842 91290 2534 75226 90024 7502 83772 55236 38230 24475 52267 41861 73393 72765 44549 96804 69654 3616 67034 72821 22585 98972 40977 70624 60460 55197 87941 78439 39620 91778 50641 177 75518 54264 20983 73399 52080 2835 48419 99243 53632 44174 27741 83304 37409 42388 89932 90051 72936 
138 162
26329 38866 34269 19849 68293 92334 61759 44548 71671 38361 61317 66376 44847 29582 80968 68865 74869 79810 3622 63644 48770 57243 51220 40586 26699 83502 14650 460 90576 73335 16282 57263 83621 93584 30241 31599 94978 61762 94293 78627 70417 73394 61952 42081 98344 96956 3225 68378 87706 72418 47253 71610 97369 36767 84978 56891 50644 53327 12730 34141 34528 649 73383 29 70757 87889 91920 47598 46266 14994 85382 41441 74170 7194 81593 62330 54733 88816 62150 40258 83979 98229 23726 60157 79690 53589 50354 84116 41250 69104 78475 77982 18661 83333 67636 96787 63889 15597 35411 17039 98956 2546 93135 84721 44958 99061 46822 37472 38735 10175 10752 64821 22848 41469 48848 55530 29738 17844 81275 59473 12914 81338 21741 87017 59632 40277 68115 13746 10510 17997 77553 18441 54286 73307 85311 60126 48897 49897 21565 82966 48966 83787 3439 91448 53219 5154 89901 54383 75387 55974 72587 74394 26091 95681 32723 92256 54300 43957 45785 98873 10273 68289 
29 211
20784 74075 86821 28421 49417 90096 37515 27010 40204 88351 37727 69937 87251 52091 96253 42465 98320 34455 24262 39188 92416 52782 99150 3288 6489 75396 45329 83204 57862 72047 94507 2047 58108 73089 92485 79881 80907 91366 26833 2264 43034 50575 30853 65759 10259 55077 72138 37576 24355 15194 92870 12630 71782 45967 13529 93616 75734 28171 743 36777 37935 99123 32663 85048 70797 19277 23576 26905 71584 27719 22460 73027 22681 13992 74460 16073 5785 15592 30620 22461 42440 27265 74059 942 44370 58525 78971 93115 13508 35582 98573 83894 2132 6817 11982 71590 20315 15773 25687 56963 86251 99180 21962 41038 57331 84125 76171 57623 52778 68215 74512 42204 3660 89946 34092 29038 76558 14664 3737 31522 48812 15523 78905 67406 68193 5855 10386 90373 59317 4515 92512 81407 97723 53953 35343 70509 89491 64208 74089 12639 18268 78456 48890 84627 69965 26957 14268 29544 1558 135 17167 88119 43368 84685 47262 39673 82335 29566 90457 93892 28662 33434 28137 78541 43264 21434 72282 32148 96367 70135 71567 15739 61571 93519 97424 37662 70520 40964 60639 91907 67764 12989 81123 1358 93364 65142 40527 62691 72834 39727 97412 35923 81131 72555 25267 87125 25429 85539 72387 14515 23126 61588 40811 60647 73856 71396 14749 61520 66557 87014 42371 
188 190
97677 6264 58298 2454 89540 61996 80499 85798 88190 96138 589 69166 70888 69968 99385 12571 34843 29595 39532 8364 50467 15528 3617 50940 23659 87716 6462 67882 4176 13321 22650 73492 82242 96635 71131 63083 51748 40403 25376 44929 25269 11317 19981 6127 81159 18764 43934 49020 43048 76937 21671 98663 75611 51105 88022 98743 26855 56048 11600 95979 31598 81815 61474 71422 40980 9082 51459 72151 58240 48590 77607 18719 3572 73677 65881 53297 23502 28337 75565 67568 15068 14347 71216 71721 44048 12402 60028 61476 33594 24938 67496 82815 79529 17917 3526 32907 99208 18473 17380 91700 1493 83720 27958 93889 47739 83138 75926 47957 85768 53765 74891 36311 86631 39784 48312 69777 62516 4883 65349 56224 9816 72081 25591 12619 11002 88 84260 97087 40303 51556 38007 49107 77592 26732 14675 45069 29749 79414 64224 134 53783 9539 579 13765 93096 14197 7988 84994 43976 58515 90301 64270 17496 48608 78708 91176 26642 85417 84394 92785 80090 96030 82413 71857 38558 1358 65884 98433 86283 88524 84944 61860 22652 12550 92404 44883 90683 35204 53132 64642 98373 26805 14896 63222 13097 4606 28605 61853 42966 39551 
