21
210 8
72048 39042 98657 44476 57512 31084 5738 38698 
431 8
18426 21297 19075 55445 77011 21499 23237 40723 
112 6
1430 38167 43056 56407 76171 96194 
114 8
71077 88905 67996 17938 24738 25348 51397 54662 
127 9
12558 31014 2689 23789 70028 77496 64358 22150 91765 
193 6
13748 26485 31708 75880 19974 30601 
204 6
43868 54243 43319 26884 99282 76962 
516 7
1430 23080 91074 94353 55350 43805 52471 
960 10
49114 44261 4772 10246 51876 7544 17016 76539 94952 78074 
21 6
49553 97617 77842 4592 44037 66098 
454 8
67550 28915 84667 46597 27889 83696 56407 3651 
610 8
19723 80022 46758 38887 69611 83909 7220 6673 
624 6
19301 72492 24711 75519 76046 12676 
667 6
88873 43725 75481 10428 53557 73064 
89 5
9553 33773 36590 88500 70496 
12 6
19216 52179 43114 62768 61843 67488 
15 7
84676 58969 18222 52748 35367 59235 87356 
125 7
35213 72890 3838 15586 67868 33271 74396 
345 10
10102 33481 19434 71301 38678 698 41904 58235 46239 967 
694 6
72048 39524 64397 94233 9877 14571 
847 5
51217 97129 64991 52238 36565 
